file: ./output/gan_res34_epoch_95_iou0.5_all.txt
tp: 76885 fp: 13463 fn: 28001
precision: 0.850987
recall: 0.733034
Fmeasure: 0.787619

