file: ./output/res18_extend38_iou0.5_all.txt
tp: 75338 fp: 34972 fn: 29548
precision: 0.682966
recall: 0.718285
Fmeasure: 0.70018

