file: ./output/res18_polylr_iou0.5_all.txt
tp: 75577 fp: 21364 fn: 29309
precision: 0.779619
recall: 0.720563
Fmeasure: 0.748929

