file: ./output/res18_extend35_iou0.5_all.txt
tp: 75318 fp: 34734 fn: 29568
precision: 0.684386
recall: 0.718094
Fmeasure: 0.700835

