file: ./output/res18_dcn_033004_iou0.5_all.txt
tp: 76182 fp: 24895 fn: 28704
precision: 0.753703
recall: 0.726331
Fmeasure: 0.739764

