file: ./output/res34_extend_poly_nocpt_iou0.5_all.txt
tp: 79294 fp: 20822 fn: 25592
precision: 0.792021
recall: 0.756002
Fmeasure: 0.773592

