file: ./output/res34_extend_poly_iou0.5_all.txt
tp: 75499 fp: 14097 fn: 29387
precision: 0.84266
recall: 0.71982
Fmeasure: 0.776411

