file: ./output/res34_dcn_test_myc_iou0.5_all.txt
tp: 79784 fp: 22087 fn: 25102
precision: 0.783187
recall: 0.760673
Fmeasure: 0.771766

