file: ./output/res34_iou0.5_all.txt
tp: 76576 fp: 19622 fn: 28310
precision: 0.796025
recall: 0.730088
Fmeasure: 0.761632

