file: ./output/res34_poly_nocpt_iou0.5_all.txt
tp: 78511 fp: 22143 fn: 26375
precision: 0.780009
recall: 0.748537
Fmeasure: 0.763949

