file: ./output/res34_colorjitter_fast_iou0.5_all.txt
tp: 79350 fp: 20094 fn: 25536
precision: 0.797937
recall: 0.756536
Fmeasure: 0.776685

